month	201604	7605	23931	2652	2485	7438	847516	2.5840807533333335E7	3169
month	201605	8059	25353	2918	2464	7605	1032352	3.085932315E7	3242
month	201606	7989	26650	2759	2829	8059	900320	2.6989231383333333E7	3297
month	201607	8540	28236	3258	2707	7989	1328696	3.8042432266666666E7	3521
month	201608	8116	29742	2850	3274	8540	1033728	2.8584501466666665E7	3432
month	201609	7512	31070	2771	3375	8116	712584	2.117352075E7	3216
week	201614	3742	22774	1169	1708	4281	164595	5017303.783333333	2219
week	201615	4270	23012	1611	1083	3742	217090	6651687.716666667	2244
week	201616	3994	23266	1251	1527	4270	204795	6083111.066666666	2256
week	201617	4107	23595	1457	1344	3994	195883	6099723.666666667	2165
week	201618	4260	23931	1514	1361	4107	178640	5500608.033333333	2203
week	201619	4420	24235	1566	1406	4260	255259	7343473.0	2240
week	201620	4364	24539	1402	1458	4420	208959	6252877.85	2256
week	201621	4456	24903	1487	1395	4364	241353	7345351.25	2253
week	201622	4356	25199	1389	1489	4456	232932	7082929.65	2224
week	201623	4361	25518	1442	1437	4356	212190	6314854.283333333	2290
week	201624	4530	25774	1612	1443	4361	245385	7258026.783333333	2309
week	201625	3892	26045	1248	1886	4530	185424	5569691.15	2211
week	201626	4176	26373	1584	1300	3892	191342	5816494.116666666	2258
week	201627	4506	26763	1681	1351	4176	250070	7565714.85	2439
week	201628	4799	27157	1747	1454	4506	347122	1.0294288383333333E7	2494
week	201629	4510	27537	1470	1759	4799	296304	8507946.65	2501
week	201630	4377	27858	1467	1600	4510	265018	7682543.25	2590
week	201631	4307	28177	1472	1542	4377	265194	7507998.25	2542
week	201632	4293	28503	1529	1543	4307	290819	7593331.316666666	2575
week	201633	3954	28818	1325	1664	4293	237111	6240920.9	2305
week	201634	4065	29177	1543	1432	3954	226551	6372828.3	2376
week	201635	4386	29538	1739	1418	4065	248769	6949560.15	2475
week	201636	4057	29896	1431	1760	4386	178883	5155348.116666666	2392
week	201637	3937	30212	1388	1508	4057	172371	5118221.766666667	2246
week	201638	4082	30477	1535	1390	3937	174834	5105927.05	2267
week	201639	3531	30782	1199	1750	4082	138061	4188371.2	2133
week	201640	3590	31070	1349	1290	3531	143729	4382310.75	2089
day	2016-04-01	1423	22750	644	503	1282	24514	715553.7833333333	1057
day	2016-04-02	1553	22774	759	629	1423	26594	790123.2666666667	1091
day	2016-04-03	1720	22798	757	590	1553	33207	970228.45	1179
day	2016-04-04	1666	22828	682	736	1720	30243	931049.7	1082
day	2016-04-05	1395	22858	569	840	1666	23220	742160.75	1020
day	2016-04-06	1439	22889	583	539	1395	25983	816277.0	1033
day	2016-04-07	1421	22918	568	586	1439	25494	835319.75	995
day	2016-04-08	1554	22955	695	562	1421	26199	808121.55	1022
day	2016-04-09	2049	23012	1041	546	1554	52744	1548530.5166666666	1288
day	2016-04-10	1873	23051	721	897	2049	34849	1060063.25	1265
day	2016-04-11	1342	23082	465	996	1873	23514	730825.55	984
day	2016-04-12	1443	23107	617	516	1342	26379	828954.8	1020
day	2016-04-13	1393	23147	525	575	1443	26904	658842.2	1016
day	2016-04-14	1374	23174	544	563	1393	24312	756042.15	927
day	2016-04-15	1536	23217	685	523	1374	26202	796310.5	1031
day	2016-04-16	1775	23266	841	602	1536	42635	1252072.6166666667	1165
day	2016-04-17	1946	23320	842	671	1775	51616	1523840.2	1253
day	2016-04-18	1366	23379	481	1061	1946	23110	733174.2666666667	913
day	2016-04-19	1371	23423	545	540	1366	25297	751651.8666666667	916
day	2016-04-20	1452	23455	584	503	1371	16979	566073.0833333334	966
day	2016-04-21	1380	23494	502	574	1452	16272	522600.4666666667	930
day	2016-04-22	1639	23516	744	485	1380	27307	900191.35	1039
day	2016-04-23	1938	23595	936	637	1639	35302	1102192.4333333333	1169
day	2016-04-24	1853	23660	715	800	1938	33957	1048239.0	1165
day	2016-04-25	1570	23707	641	924	1853	29097	918785.8	1009
day	2016-04-26	1517	23758	579	632	1570	18839	621824.6	924
day	2016-04-27	1439	23812	546	624	1517	17766	519698.0833333333	913
day	2016-04-28	1426	23855	563	576	1439	16500	531248.0	945
day	2016-04-29	1649	23899	769	546	1426	27668	839849.65	1020
day	2016-04-30	1825	23931	840	664	1649	34813	1020962.9	1124
day	2016-05-01	1768	23963	690	747	1825	32636	1006906.8	1052
day	2016-05-02	1926	24003	838	680	1768	39048	1146676.0	1157
day	2016-05-03	1440	24039	543	1029	1926	27753	749914.85	953
day	2016-05-04	1440	24085	576	576	1440	28191	830606.7	898
day	2016-05-05	1531	24131	590	499	1440	33156	848729.1	959
day	2016-05-06	1791	24178	790	530	1531	34815	999521.65	1024
day	2016-05-07	2125	24235	953	619	1791	59660	1761117.9	1272
day	2016-05-08	2020	24290	709	814	2125	41265	1210044.9666666666	1168
day	2016-05-09	1744	24322	661	937	2020	35832	1082642.6	1021
day	2016-05-10	1516	24358	481	709	1744	18622	552995.0833333334	861
day	2016-05-11	1609	24397	601	508	1516	19541	617728.0166666667	924
day	2016-05-12	1588	24437	570	591	1609	19941	615704.3333333334	942
day	2016-05-13	1805	24478	799	582	1588	33423	1003497.5333333333	1093
day	2016-05-14	2096	24539	941	650	1805	40335	1170265.3166666667	1211
day	2016-05-15	2038	24600	775	833	2096	40914	1238433.0	1183
day	2016-05-16	1547	24645	557	1048	2038	29943	935827.7	949
day	2016-05-17	1598	24709	579	528	1547	30504	964595.35	927
day	2016-05-18	1658	24765	632	572	1598	32805	997899.35	1025
day	2016-05-19	1758	24807	673	573	1658	35442	1079655.7	1071
day	2016-05-20	1818	24842	730	670	1758	34653	1053916.1	1146
day	2016-05-21	1971	24903	856	703	1818	37092	1075024.05	1234
day	2016-05-22	1932	24953	749	788	1971	36621	1090654.4	1227
day	2016-05-23	1543	25003	558	947	1932	28386	874278.25	974
day	2016-05-24	1568	25035	619	594	1543	30096	933185.0	976
day	2016-05-25	1699	25080	663	532	1568	33957	1045562.6	1029
day	2016-05-26	1627	25117	583	655	1699	31875	1002473.75	1055
day	2016-05-27	1808	25159	779	598	1627	34146	988796.35	1073
day	2016-05-28	2009	25199	872	671	1808	37851	1147979.3	1220
day	2016-05-29	1932	25255	731	808	2009	35187	1034547.1	1197
day	2016-05-30	1548	25296	579	963	1932	27831	865669.55	979
day	2016-05-31	1676	25353	721	593	1548	30831	934474.75	1055
day	2016-06-01	1789	25396	730	617	1676	32661	915859.55	1112
day	2016-06-02	1568	25428	588	809	1789	19314	605043.2666666667	961
day	2016-06-03	1701	25471	721	588	1568	31390	957319.9833333333	1050
day	2016-06-04	1917	25518	842	626	1701	34976	1001940.0833333334	1226
day	2016-06-05	1970	25563	807	754	1917	36351	1105844.1	1235
day	2016-06-06	1516	25602	572	1026	1970	27969	838742.95	1050
day	2016-06-07	1512	25639	567	571	1516	29553	891413.8	1000
day	2016-06-08	1761	25670	819	570	1512	31437	914988.35	1193
day	2016-06-09	1713	25697	743	791	1761	32262	947813.15	1121
day	2016-06-10	1847	25737	782	648	1713	37065	1103043.8	1205
day	2016-06-11	1837	25774	744	754	1847	50748	1456180.6333333333	1148
day	2016-06-12	1541	25827	587	883	1837	31045	923957.5166666667	989
day	2016-06-13	1467	25868	560	634	1541	28619	878394.2333333333	979
day	2016-06-14	191	25868	2	1278	1467	573	21081.9	113
day	2016-06-15	1685	25910	1543	49	191	32910	1002004.75	1080
day	2016-06-16	1587	25953	578	676	1685	29121	886512.7	927
day	2016-06-17	1637	25988	655	605	1587	29418	895188.05	1050
day	2016-06-18	1803	26045	805	639	1637	33738	962552.0	1202
day	2016-06-19	1845	26117	756	714	1803	35037	1027111.45	1175
day	2016-06-20	1474	26166	590	961	1845	26076	845330.2	978
day	2016-06-21	1472	26208	581	583	1474	28803	842378.6	1041
day	2016-06-22	1503	26247	598	567	1472	18577	576432.8	1060
day	2016-06-23	1471	26279	556	588	1503	18264	574989.2666666667	978
day	2016-06-24	1696	26315	756	531	1471	29719	928197.55	1070
day	2016-06-25	1847	26373	832	681	1696	34866	1022054.25	1137
day	2016-06-26	1803	26440	724	768	1847	34401	1000836.25	1164
day	2016-06-27	1544	26504	656	915	1803	27981	849512.45	973
day	2016-06-28	1595	26566	636	585	1544	30072	918475.6	1016
day	2016-06-29	1753	26617	712	554	1595	34782	1085803.7	1112
day	2016-06-30	1724	26650	621	650	1753	32592	1010228.45	1169
day	2016-07-01	1915	26696	803	612	1724	35268	1082450.95	1190
day	2016-07-02	2062	26763	856	709	1915	54974	1618407.45	1304
day	2016-07-03	2215	26836	902	749	2062	62612	1823679.7333333334	1391
day	2016-07-04	2020	26886	709	904	2215	58427	1736411.9333333333	1337
day	2016-07-05	2033	26946	715	702	2020	42325	1245683.3666666667	1224
day	2016-07-06	1970	27009	687	750	2033	38400	1156335.5	1176
day	2016-07-07	1962	27051	692	700	1970	39052	1157727.4666666666	1299
day	2016-07-08	1985	27098	716	693	1962	40996	1202536.4833333334	1274
day	2016-07-09	2030	27157	814	769	1985	65310	1971913.9	1275
day	2016-07-10	1974	27229	774	830	2030	51712	1561073.35	1252
day	2016-07-11	1848	27273	717	843	1974	49805	1456463.2166666666	1267
day	2016-07-12	1808	27324	644	684	1848	38195	1031301.35	1262
day	2016-07-13	1802	27372	658	664	1808	39051	1085480.35	1253
day	2016-07-14	1855	27419	659	606	1802	38367	1126917.25	1228
day	2016-07-15	1933	27472	710	632	1855	40426	1148998.3833333333	1313
day	2016-07-16	1886	27537	716	763	1933	38748	1097712.75	1303
day	2016-07-17	1899	27590	759	746	1886	42150	1202140.6	1308
day	2016-07-18	1899	27632	717	717	1899	40464	1164433.0	1335
day	2016-07-19	1839	27662	590	650	1899	38526	1115032.55	1413
day	2016-07-20	1815	27709	631	655	1839	38238	1110450.35	1297
day	2016-07-21	1718	27751	602	699	1815	33508	977543.4	1142
day	2016-07-22	1745	27802	658	631	1718	35592	1032888.6	1193
day	2016-07-23	1813	27858	738	670	1745	36540	1080054.75	1325
day	2016-07-24	1837	27910	726	702	1813	38484	1124918.05	1318
day	2016-07-25	1845	27954	769	761	1837	37749	1076650.35	1275
day	2016-07-26	1783	28001	626	688	1845	37611	1078019.2	1278
day	2016-07-27	1750	28039	602	635	1783	37521	1018294.35	1200
day	2016-07-28	1778	28083	644	616	1750	38286	1064805.15	1269
day	2016-07-29	1740	28132	617	655	1778	36594	1056414.0	1250
day	2016-07-30	1823	28177	711	628	1740	38949	1088897.15	1262
day	2016-07-31	1893	28236	739	669	1823	64816	1348797.3333333333	1380
day	2016-08-01	1712	28274	629	810	1893	35776	1002774.9333333333	1233
day	2016-08-02	1759	28316	655	608	1712	37614	1100384.8	1287
day	2016-08-03	1817	28360	654	596	1759	39456	1080440.95	1342
day	2016-08-04	1778	28401	613	652	1817	38361	1043675.05	1271
day	2016-08-05	1767	28461	664	675	1778	38214	1038279.95	1228
day	2016-08-06	1688	28503	664	743	1767	36582	978978.3	1199
day	2016-08-07	1705	28550	676	659	1688	39003	997609.7	1259
day	2016-08-08	1518	28602	563	750	1705	32940	863583.1	1079
day	2016-08-09	1555	28639	615	578	1518	32871	875286.7	1108
day	2016-08-10	1590	28685	624	589	1555	34464	922651.8	1158
day	2016-08-11	1512	28727	558	636	1590	32856	858642.15	1091
day	2016-08-12	1523	28756	576	565	1512	31797	839371.0	1106
day	2016-08-13	1598	28818	669	594	1523	33180	883776.45	1123
day	2016-08-14	1670	28886	710	638	1598	33765	930549.0	1247
day	2016-08-15	1582	28937	634	722	1670	31566	904384.85	1123
day	2016-08-16	1619	28981	634	597	1582	32553	951216.3	1153
day	2016-08-17	1649	29018	620	590	1619	32079	911992.35	1191
day	2016-08-18	1593	29075	601	657	1649	31368	890629.55	1168
day	2016-08-19	1607	29118	631	617	1593	33597	889659.3	1175
day	2016-08-20	1597	29177	661	671	1607	31623	894396.95	1179
day	2016-08-21	1649	29238	683	631	1597	31296	873532.4	1186
day	2016-08-22	1671	29286	702	680	1649	33636	927498.75	1235
day	2016-08-23	1674	29332	617	614	1671	35109	988086.5	1284
day	2016-08-24	1734	29374	659	599	1674	37515	1040690.5	1251
day	2016-08-25	1764	29432	662	632	1734	36294	1046659.25	1239
day	2016-08-26	1826	29472	702	640	1764	37017	1022733.75	1281
day	2016-08-27	1893	29538	782	715	1826	37902	1050359.0	1297
day	2016-08-28	1856	29601	727	764	1893	37146	1061108.55	1267
day	2016-08-29	1479	29648	550	927	1856	19793	570047.5666666667	1100
day	2016-08-30	1429	29698	513	563	1479	18078	546289.0333333333	1037
day	2016-08-31	1524	29742	598	503	1429	20277	599212.9833333333	1173
day	2016-09-01	1350	29791	458	632	1524	17430	527408.7666666667	1014
day	2016-09-02	1520	29831	665	495	1350	29148	821624.8166666667	1133
day	2016-09-03	1838	29896	850	532	1520	37011	1029656.4	1266
day	2016-09-04	1781	29963	702	759	1838	35310	990142.65	1203
day	2016-09-05	1353	30013	509	937	1781	25164	781886.6	961
day	2016-09-06	1328	30066	498	523	1353	17351	513992.2166666667	927
day	2016-09-07	1298	30096	464	494	1328	16512	503115.95	965
day	2016-09-08	1366	30135	512	444	1298	17135	554644.0666666667	981
day	2016-09-09	1558	30179	683	491	1366	19422	586840.8	1063
day	2016-09-10	1914	30212	875	519	1558	41477	1187599.4833333334	1314
day	2016-09-11	1785	30255	634	763	1914	36897	1067069.85	1143
day	2016-09-12	1397	30293	507	895	1785	17478	544342.5333333333	1006
day	2016-09-13	1357	30343	497	537	1397	16824	518128.6666666667	970
day	2016-09-14	1579	30390	734	512	1357	19018	569913.4	1102
day	2016-09-15	1584	30405	710	705	1579	18790	539423.0	1183
day	2016-09-16	1622	30431	704	666	1584	32540	918580.1	1165
day	2016-09-17	1655	30477	708	675	1622	33287	948469.5	1205
day	2016-09-18	1280	30522	472	847	1655	16224	509888.4	906
day	2016-09-19	1231	30556	461	510	1280	15956	498181.43333333335	855
day	2016-09-20	1268	30597	479	442	1231	17130	515258.9	920
day	2016-09-21	1285	30637	486	469	1268	17230	528531.6333333333	891
day	2016-09-22	1288	30681	497	494	1285	16918	518266.6	917
day	2016-09-23	1451	30718	643	480	1288	18160	555869.1333333333	1012
day	2016-09-24	1778	30782	821	494	1451	36443	1062375.1	1223
day	2016-09-25	1727	30841	653	704	1778	35970	1111891.5166666666	1201
day	2016-09-26	1279	30888	448	896	1727	17510	545582.9166666666	897
day	2016-09-27	1403	30944	555	431	1279	18136	552962.2	965
day	2016-09-28	1389	30996	515	529	1403	18458	581407.6666666666	953
day	2016-09-29	1506	31031	618	501	1389	21148	621924.4	1064
day	2016-09-30	1703	31070	743	546	1506	32507	968542.05	1081
